379, 203, 457, 568, 25, 542, 488, 283, 131, 398, 798, 126, 469, 876, 492, 771, 430, 477, 605, 376, 884, 415, 276, 130, 397, 665, 125, 749, 223, 466, 656, 398, 800, 883, 973, 188, 356, 680, 617, 326, 638, 210, 860, 177, 688, 226, 373, 998, 81, 545, 791, 877, 2, 249, 308, 427, 87, 697, 135, 157, 994, 952, 317, 21, 267, 358, 164, 543, 167, 901, 279, 98, 799, 699, 972, 384, 39, 399, 686, 833, 478, 553, 873, 762, 856, 35, 676, 324, 203, 411, 686, 933, 248, 744, 961, 670, 468, 701, 510, 336
336, 203, 248, 203, 25, 324, 35, 283, 131, 39, 98, 126, 279, 167, 164, 358, 267, 21, 317, 376, 157, 135, 276, 130, 87, 308, 125, 249, 223, 2, 81, 373, 226, 177, 210, 188, 356, 326, 379, 680, 638, 973, 860, 883, 688, 800, 398, 998, 656, 545, 791, 877, 466, 749, 665, 427, 397, 697, 415, 884, 994, 952, 605, 477, 430, 771, 492, 543, 876, 901, 469, 798, 799, 699, 972, 384, 398, 399, 686, 833, 478, 553, 873, 762, 856, 488, 676, 542, 568, 411, 686, 933, 457, 744, 961, 670, 468, 701, 510, 617
188, 203, 248, 203, 25, 324, 35, 283, 131, 39, 98, 126, 279, 167, 164, 210, 267, 21, 317, 177, 157, 135, 276, 130, 87, 308, 125, 249, 223, 2, 81, 226, 326, 376, 358, 336, 356, 373, 379, 680, 638, 973, 860, 883, 688, 800, 398, 998, 656, 545, 791, 877, 466, 749, 665, 427, 397, 697, 415, 884, 994, 952, 605, 477, 430, 771, 492, 543, 876, 901, 469, 798, 799, 699, 972, 384, 398, 399, 686, 833, 478, 553, 873, 762, 856, 488, 676, 542, 568, 411, 686, 933, 457, 744, 961, 670, 468, 701, 510, 617
188, 203, 81, 203, 25, 2, 35, 125, 131, 39, 98, 126, 87, 167, 164, 130, 135, 21, 157, 177, 210, 267, 276, 226, 279, 308, 283, 249, 223, 324, 248, 317, 326, 376, 358, 336, 356, 373, 379, 680, 638, 973, 860, 883, 688, 800, 398, 998, 656, 545, 791, 877, 466, 749, 665, 427, 397, 697, 415, 884, 994, 952, 605, 477, 430, 771, 492, 543, 876, 901, 469, 798, 799, 699, 972, 384, 398, 399, 686, 833, 478, 553, 873, 762, 856, 488, 676, 542, 568, 411, 686, 933, 457, 744, 961, 670, 468, 701, 510, 617
157, 21, 81, 135, 25, 2, 35, 125, 131, 39, 98, 126, 87, 167, 164, 130, 177, 203, 188, 203, 210, 267, 276, 226, 279, 308, 283, 249, 223, 324, 248, 317, 326, 376, 358, 336, 356, 373, 379, 680, 638, 973, 860, 883, 688, 800, 398, 998, 656, 545, 791, 877, 466, 749, 665, 427, 397, 697, 415, 884, 994, 952, 605, 477, 430, 771, 492, 543, 876, 901, 469, 798, 799, 699, 972, 384, 398, 399, 686, 833, 478, 553, 873, 762, 856, 488, 676, 542, 568, 411, 686, 933, 457, 744, 961, 670, 468, 701, 510, 617
87, 21, 81, 126, 25, 2, 35, 125, 98, 39, 130, 135, 157, 167, 164, 131, 177, 203, 188, 203, 210, 267, 276, 226, 279, 308, 283, 249, 223, 324, 248, 317, 326, 376, 358, 336, 356, 373, 379, 680, 638, 973, 860, 883, 688, 800, 398, 998, 656, 545, 791, 877, 466, 749, 665, 427, 397, 697, 415, 884, 994, 952, 605, 477, 430, 771, 492, 543, 876, 901, 469, 798, 799, 699, 972, 384, 398, 399, 686, 833, 478, 553, 873, 762, 856, 488, 676, 542, 568, 411, 686, 933, 457, 744, 961, 670, 468, 701, 510, 617
35, 21, 2, 25, 39, 81, 87, 125, 98, 126, 130, 135, 157, 167, 164, 131, 177, 203, 188, 203, 210, 267, 276, 226, 279, 308, 283, 249, 223, 324, 248, 317, 326, 376, 358, 336, 356, 373, 379, 680, 638, 973, 860, 883, 688, 800, 398, 998, 656, 545, 791, 877, 466, 749, 665, 427, 397, 697, 415, 884, 994, 952, 605, 477, 430, 771, 492, 543, 876, 901, 469, 798, 799, 699, 972, 384, 398, 399, 686, 833, 478, 553, 873, 762, 856, 488, 676, 542, 568, 411, 686, 933, 457, 744, 961, 670, 468, 701, 510, 617
2, 21, 25, 35, 39, 81, 87, 125, 98, 126, 130, 135, 157, 167, 164, 131, 177, 203, 188, 203, 210, 267, 276, 226, 279, 308, 283, 249, 223, 324, 248, 317, 326, 376, 358, 336, 356, 373, 379, 680, 638, 973, 860, 883, 688, 800, 398, 998, 656, 545, 791, 877, 466, 749, 665, 427, 397, 697, 415, 884, 994, 952, 605, 477, 430, 771, 492, 543, 876, 901, 469, 798, 799, 699, 972, 384, 398, 399, 686, 833, 478, 553, 873, 762, 856, 488, 676, 542, 568, 411, 686, 933, 457, 744, 961, 670, 468, 701, 510, 617
2, 21, 25, 35, 39, 81, 87, 125, 98, 126, 130, 135, 157, 167, 164, 131, 177, 203, 188, 203, 210, 267, 276, 226, 279, 308, 283, 249, 223, 324, 248, 317, 326, 376, 358, 336, 356, 373, 379, 680, 638, 973, 860, 883, 688, 800, 398, 998, 656, 545, 791, 877, 466, 749, 665, 427, 397, 697, 415, 884, 994, 952, 605, 477, 430, 771, 492, 543, 876, 901, 469, 798, 799, 699, 972, 384, 398, 399, 686, 833, 478, 553, 873, 762, 856, 488, 676, 542, 568, 411, 686, 933, 457, 744, 961, 670, 468, 701, 510, 617
2, 21, 25, 35, 39, 81, 87, 125, 98, 126, 130, 135, 157, 167, 164, 131, 177, 203, 188, 203, 210, 267, 276, 226, 279, 308, 283, 249, 223, 324, 248, 317, 326, 376, 358, 336, 356, 373, 379, 680, 638, 973, 860, 883, 688, 800, 398, 998, 656, 545, 791, 877, 466, 749, 665, 427, 397, 697, 415, 884, 994, 952, 605, 477, 430, 771, 492, 543, 876, 901, 469, 798, 799, 699, 972, 384, 398, 399, 686, 833, 478, 553, 873, 762, 856, 488, 676, 542, 568, 411, 686, 933, 457, 744, 961, 670, 468, 701, 510, 617
2, 21, 25, 35, 39, 81, 87, 125, 98, 126, 130, 135, 157, 167, 164, 131, 177, 203, 188, 203, 210, 267, 276, 226, 279, 308, 283, 249, 223, 324, 248, 317, 326, 376, 358, 336, 356, 373, 379, 680, 638, 973, 860, 883, 688, 800, 398, 998, 656, 545, 791, 877, 466, 749, 665, 427, 397, 697, 415, 884, 994, 952, 605, 477, 430, 771, 492, 543, 876, 901, 469, 798, 799, 699, 972, 384, 398, 399, 686, 833, 478, 553, 873, 762, 856, 488, 676, 542, 568, 411, 686, 933, 457, 744, 961, 670, 468, 701, 510, 617
2, 21, 25, 35, 39, 81, 87, 125, 98, 126, 130, 135, 157, 167, 164, 131, 177, 203, 188, 203, 210, 267, 276, 226, 279, 308, 283, 249, 223, 324, 248, 317, 326, 376, 358, 336, 356, 373, 379, 680, 638, 973, 860, 883, 688, 800, 398, 998, 656, 545, 791, 877, 466, 749, 665, 427, 397, 697, 415, 884, 994, 952, 605, 477, 430, 771, 492, 543, 876, 901, 469, 798, 799, 699, 972, 384, 398, 399, 686, 833, 478, 553, 873, 762, 856, 488, 676, 542, 568, 411, 686, 933, 457, 744, 961, 670, 468, 701, 510, 617
2, 21, 25, 35, 39, 81, 87, 125, 98, 126, 130, 135, 157, 167, 164, 131, 177, 203, 188, 203, 210, 267, 276, 226, 279, 308, 283, 249, 223, 324, 248, 317, 326, 376, 358, 336, 356, 373, 379, 680, 638, 973, 860, 883, 688, 800, 398, 998, 656, 545, 791, 877, 466, 749, 665, 427, 397, 697, 415, 884, 994, 952, 605, 477, 430, 771, 492, 543, 876, 901, 469, 798, 799, 699, 972, 384, 398, 399, 686, 833, 478, 553, 873, 762, 856, 488, 676, 542, 568, 411, 686, 933, 457, 744, 961, 670, 468, 701, 510, 617
2, 21, 25, 35, 39, 81, 87, 125, 98, 126, 130, 135, 157, 167, 164, 131, 177, 203, 188, 203, 210, 267, 276, 226, 279, 308, 283, 249, 223, 324, 248, 317, 326, 376, 358, 336, 356, 373, 379, 680, 638, 973, 860, 883, 688, 800, 398, 998, 656, 545, 791, 877, 466, 749, 665, 427, 397, 697, 415, 884, 994, 952, 605, 477, 430, 771, 492, 543, 876, 901, 469, 798, 799, 699, 972, 384, 398, 399, 686, 833, 478, 553, 873, 762, 856, 488, 676, 542, 568, 411, 686, 933, 457, 744, 961, 670, 468, 701, 510, 617
2, 21, 25, 35, 39, 81, 87, 125, 98, 126, 130, 135, 157, 167, 164, 131, 177, 203, 188, 203, 210, 267, 276, 226, 279, 308, 283, 249, 223, 324, 248, 317, 326, 376, 358, 336, 356, 373, 379, 680, 638, 973, 860, 883, 688, 800, 398, 998, 656, 545, 791, 877, 466, 749, 665, 427, 397, 697, 415, 884, 994, 952, 605, 477, 430, 771, 492, 543, 876, 901, 469, 798, 799, 699, 972, 384, 398, 399, 686, 833, 478, 553, 873, 762, 856, 488, 676, 542, 568, 411, 686, 933, 457, 744, 961, 670, 468, 701, 510, 617
2, 21, 25, 35, 39, 81, 87, 125, 98, 126, 130, 135, 157, 167, 164, 131, 177, 203, 188, 203, 210, 267, 276, 226, 279, 308, 283, 249, 223, 324, 248, 317, 326, 376, 358, 336, 356, 373, 379, 680, 638, 973, 860, 883, 688, 800, 398, 998, 656, 545, 791, 877, 466, 749, 665, 427, 397, 697, 415, 884, 994, 952, 605, 477, 430, 771, 492, 543, 876, 901, 469, 798, 799, 699, 972, 384, 398, 399, 686, 833, 478, 553, 873, 762, 856, 488, 676, 542, 568, 411, 686, 933, 457, 744, 961, 670, 468, 701, 510, 617
2, 21, 25, 35, 39, 81, 87, 98, 125, 126, 130, 135, 157, 167, 164, 131, 177, 203, 188, 203, 210, 267, 276, 226, 279, 308, 283, 249, 223, 324, 248, 317, 326, 376, 358, 336, 356, 373, 379, 680, 638, 973, 860, 883, 688, 800, 398, 998, 656, 545, 791, 877, 466, 749, 665, 427, 397, 697, 415, 884, 994, 952, 605, 477, 430, 771, 492, 543, 876, 901, 469, 798, 799, 699, 972, 384, 398, 399, 686, 833, 478, 553, 873, 762, 856, 488, 676, 542, 568, 411, 686, 933, 457, 744, 961, 670, 468, 701, 510, 617
2, 21, 25, 35, 39, 81, 87, 98, 125, 126, 130, 135, 157, 167, 164, 131, 177, 203, 188, 203, 210, 267, 276, 226, 279, 308, 283, 249, 223, 324, 248, 317, 326, 376, 358, 336, 356, 373, 379, 680, 638, 973, 860, 883, 688, 800, 398, 998, 656, 545, 791, 877, 466, 749, 665, 427, 397, 697, 415, 884, 994, 952, 605, 477, 430, 771, 492, 543, 876, 901, 469, 798, 799, 699, 972, 384, 398, 399, 686, 833, 478, 553, 873, 762, 856, 488, 676, 542, 568, 411, 686, 933, 457, 744, 961, 670, 468, 701, 510, 617
2, 21, 25, 35, 39, 81, 87, 98, 125, 126, 130, 135, 157, 167, 164, 131, 177, 203, 188, 203, 210, 267, 276, 226, 279, 308, 283, 249, 223, 324, 248, 317, 326, 376, 358, 336, 356, 373, 379, 680, 638, 973, 860, 883, 688, 800, 398, 998, 656, 545, 791, 877, 466, 749, 665, 427, 397, 697, 415, 884, 994, 952, 605, 477, 430, 771, 492, 543, 876, 901, 469, 798, 799, 699, 972, 384, 398, 399, 686, 833, 478, 553, 873, 762, 856, 488, 676, 542, 568, 411, 686, 933, 457, 744, 961, 670, 468, 701, 510, 617
2, 21, 25, 35, 39, 81, 87, 98, 125, 126, 130, 131, 157, 167, 164, 135, 177, 203, 188, 203, 210, 267, 276, 226, 279, 308, 283, 249, 223, 324, 248, 317, 326, 376, 358, 336, 356, 373, 379, 680, 638, 973, 860, 883, 688, 800, 398, 998, 656, 545, 791, 877, 466, 749, 665, 427, 397, 697, 415, 884, 994, 952, 605, 477, 430, 771, 492, 543, 876, 901, 469, 798, 799, 699, 972, 384, 398, 399, 686, 833, 478, 553, 873, 762, 856, 488, 676, 542, 568, 411, 686, 933, 457, 744, 961, 670, 468, 701, 510, 617
2, 21, 25, 35, 39, 81, 87, 98, 125, 126, 130, 131, 157, 167, 164, 135, 177, 203, 188, 203, 210, 267, 276, 226, 279, 308, 283, 249, 223, 324, 248, 317, 326, 376, 358, 336, 356, 373, 379, 680, 638, 973, 860, 883, 688, 800, 398, 998, 656, 545, 791, 877, 466, 749, 665, 427, 397, 697, 415, 884, 994, 952, 605, 477, 430, 771, 492, 543, 876, 901, 469, 798, 799, 699, 972, 384, 398, 399, 686, 833, 478, 553, 873, 762, 856, 488, 676, 542, 568, 411, 686, 933, 457, 744, 961, 670, 468, 701, 510, 617
2, 21, 25, 35, 39, 81, 87, 98, 125, 126, 130, 131, 135, 167, 164, 157, 177, 203, 188, 203, 210, 267, 276, 226, 279, 308, 283, 249, 223, 324, 248, 317, 326, 376, 358, 336, 356, 373, 379, 680, 638, 973, 860, 883, 688, 800, 398, 998, 656, 545, 791, 877, 466, 749, 665, 427, 397, 697, 415, 884, 994, 952, 605, 477, 430, 771, 492, 543, 876, 901, 469, 798, 799, 699, 972, 384, 398, 399, 686, 833, 478, 553, 873, 762, 856, 488, 676, 542, 568, 411, 686, 933, 457, 744, 961, 670, 468, 701, 510, 617
2, 21, 25, 35, 39, 81, 87, 98, 125, 126, 130, 131, 135, 167, 164, 157, 177, 203, 188, 203, 210, 267, 276, 226, 279, 308, 283, 249, 223, 324, 248, 317, 326, 376, 358, 336, 356, 373, 379, 680, 638, 973, 860, 883, 688, 800, 398, 998, 656, 545, 791, 877, 466, 749, 665, 427, 397, 697, 415, 884, 994, 952, 605, 477, 430, 771, 492, 543, 876, 901, 469, 798, 799, 699, 972, 384, 398, 399, 686, 833, 478, 553, 873, 762, 856, 488, 676, 542, 568, 411, 686, 933, 457, 744, 961, 670, 468, 701, 510, 617
2, 21, 25, 35, 39, 81, 87, 98, 125, 126, 130, 131, 135, 157, 164, 167, 177, 203, 188, 203, 210, 267, 276, 226, 279, 308, 283, 249, 223, 324, 248, 317, 326, 376, 358, 336, 356, 373, 379, 680, 638, 973, 860, 883, 688, 800, 398, 998, 656, 545, 791, 877, 466, 749, 665, 427, 397, 697, 415, 884, 994, 952, 605, 477, 430, 771, 492, 543, 876, 901, 469, 798, 799, 699, 972, 384, 398, 399, 686, 833, 478, 553, 873, 762, 856, 488, 676, 542, 568, 411, 686, 933, 457, 744, 961, 670, 468, 701, 510, 617
2, 21, 25, 35, 39, 81, 87, 98, 125, 126, 130, 131, 135, 157, 164, 167, 177, 203, 188, 203, 210, 267, 276, 226, 279, 308, 283, 249, 223, 324, 248, 317, 326, 376, 358, 336, 356, 373, 379, 680, 638, 973, 860, 883, 688, 800, 398, 998, 656, 545, 791, 877, 466, 749, 665, 427, 397, 697, 415, 884, 994, 952, 605, 477, 430, 771, 492, 543, 876, 901, 469, 798, 799, 699, 972, 384, 398, 399, 686, 833, 478, 553, 873, 762, 856, 488, 676, 542, 568, 411, 686, 933, 457, 744, 961, 670, 468, 701, 510, 617
2, 21, 25, 35, 39, 81, 87, 98, 125, 126, 130, 131, 135, 157, 164, 167, 177, 203, 188, 203, 210, 267, 276, 226, 279, 308, 283, 249, 223, 324, 248, 317, 326, 376, 358, 336, 356, 373, 379, 680, 638, 973, 860, 883, 688, 800, 398, 998, 656, 545, 791, 877, 466, 749, 665, 427, 397, 697, 415, 884, 994, 952, 605, 477, 430, 771, 492, 543, 876, 901, 469, 798, 799, 699, 972, 384, 398, 399, 686, 833, 478, 553, 873, 762, 856, 488, 676, 542, 568, 411, 686, 933, 457, 744, 961, 670, 468, 701, 510, 617
2, 21, 25, 35, 39, 81, 87, 98, 125, 126, 130, 131, 135, 157, 164, 167, 177, 203, 188, 203, 210, 267, 276, 226, 279, 308, 283, 249, 223, 324, 248, 317, 326, 376, 358, 336, 356, 373, 379, 680, 638, 973, 860, 883, 688, 800, 398, 998, 656, 545, 791, 877, 466, 749, 665, 427, 397, 697, 415, 884, 994, 952, 605, 477, 430, 771, 492, 543, 876, 901, 469, 798, 799, 699, 972, 384, 398, 399, 686, 833, 478, 553, 873, 762, 856, 488, 676, 542, 568, 411, 686, 933, 457, 744, 961, 670, 468, 701, 510, 617
2, 21, 25, 35, 39, 81, 87, 98, 125, 126, 130, 131, 135, 157, 164, 167, 177, 203, 188, 203, 210, 267, 276, 226, 279, 308, 283, 249, 223, 324, 248, 317, 326, 376, 358, 336, 356, 373, 379, 680, 638, 973, 860, 883, 688, 800, 398, 998, 656, 545, 791, 877, 466, 749, 665, 427, 397, 697, 415, 884, 994, 952, 605, 477, 430, 771, 492, 543, 876, 901, 469, 798, 799, 699, 972, 384, 398, 399, 686, 833, 478, 553, 873, 762, 856, 488, 676, 542, 568, 411, 686, 933, 457, 744, 961, 670, 468, 701, 510, 617
2, 21, 25, 35, 39, 81, 87, 98, 125, 126, 130, 131, 135, 157, 164, 167, 177, 203, 188, 203, 210, 267, 276, 226, 279, 308, 283, 249, 223, 324, 248, 317, 326, 376, 358, 336, 356, 373, 379, 680, 638, 973, 860, 883, 688, 800, 398, 998, 656, 545, 791, 877, 466, 749, 665, 427, 397, 697, 415, 884, 994, 952, 605, 477, 430, 771, 492, 543, 876, 901, 469, 798, 799, 699, 972, 384, 398, 399, 686, 833, 478, 553, 873, 762, 856, 488, 676, 542, 568, 411, 686, 933, 457, 744, 961, 670, 468, 701, 510, 617
2, 21, 25, 35, 39, 81, 87, 98, 125, 126, 130, 131, 135, 157, 164, 167, 177, 188, 203, 203, 210, 267, 276, 226, 279, 308, 283, 249, 223, 324, 248, 317, 326, 376, 358, 336, 356, 373, 379, 680, 638, 973, 860, 883, 688, 800, 398, 998, 656, 545, 791, 877, 466, 749, 665, 427, 397, 697, 415, 884, 994, 952, 605, 477, 430, 771, 492, 543, 876, 901, 469, 798, 799, 699, 972, 384, 398, 399, 686, 833, 478, 553, 873, 762, 856, 488, 676, 542, 568, 411, 686, 933, 457, 744, 961, 670, 468, 701, 510, 617
2, 21, 25, 35, 39, 81, 87, 98, 125, 126, 130, 131, 135, 157, 164, 167, 177, 188, 203, 203, 210, 267, 276, 226, 279, 308, 283, 249, 223, 324, 248, 317, 326, 376, 358, 336, 356, 373, 379, 680, 638, 973, 860, 883, 688, 800, 398, 998, 656, 545, 791, 877, 466, 749, 665, 427, 397, 697, 415, 884, 994, 952, 605, 477, 430, 771, 492, 543, 876, 901, 469, 798, 799, 699, 972, 384, 398, 399, 686, 833, 478, 553, 873, 762, 856, 488, 676, 542, 568, 411, 686, 933, 457, 744, 961, 670, 468, 701, 510, 617
2, 21, 25, 35, 39, 81, 87, 98, 125, 126, 130, 131, 135, 157, 164, 167, 177, 188, 203, 203, 210, 267, 276, 226, 279, 308, 283, 249, 223, 324, 248, 317, 326, 376, 358, 336, 356, 373, 379, 680, 638, 973, 860, 883, 688, 800, 398, 998, 656, 545, 791, 877, 466, 749, 665, 427, 397, 697, 415, 884, 994, 952, 605, 477, 430, 771, 492, 543, 876, 901, 469, 798, 799, 699, 972, 384, 398, 399, 686, 833, 478, 553, 873, 762, 856, 488, 676, 542, 568, 411, 686, 933, 457, 744, 961, 670, 468, 701, 510, 617
2, 21, 25, 35, 39, 81, 87, 98, 125, 126, 130, 131, 135, 157, 164, 167, 177, 188, 203, 203, 210, 267, 276, 226, 279, 308, 283, 249, 223, 324, 248, 317, 326, 376, 358, 336, 356, 373, 379, 680, 638, 973, 860, 883, 688, 800, 398, 998, 656, 545, 791, 877, 466, 749, 665, 427, 397, 697, 415, 884, 994, 952, 605, 477, 430, 771, 492, 543, 876, 901, 469, 798, 799, 699, 972, 384, 398, 399, 686, 833, 478, 553, 873, 762, 856, 488, 676, 542, 568, 411, 686, 933, 457, 744, 961, 670, 468, 701, 510, 617
2, 21, 25, 35, 39, 81, 87, 98, 125, 126, 130, 131, 135, 157, 164, 167, 177, 188, 203, 203, 210, 248, 223, 226, 249, 267, 283, 279, 276, 324, 317, 308, 326, 376, 358, 336, 356, 373, 379, 680, 638, 973, 860, 883, 688, 800, 398, 998, 656, 545, 791, 877, 466, 749, 665, 427, 397, 697, 415, 884, 994, 952, 605, 477, 430, 771, 492, 543, 876, 901, 469, 798, 799, 699, 972, 384, 398, 399, 686, 833, 478, 553, 873, 762, 856, 488, 676, 542, 568, 411, 686, 933, 457, 744, 961, 670, 468, 701, 510, 617
2, 21, 25, 35, 39, 81, 87, 98, 125, 126, 130, 131, 135, 157, 164, 167, 177, 188, 203, 203, 210, 226, 223, 248, 249, 267, 283, 279, 276, 324, 317, 308, 326, 376, 358, 336, 356, 373, 379, 680, 638, 973, 860, 883, 688, 800, 398, 998, 656, 545, 791, 877, 466, 749, 665, 427, 397, 697, 415, 884, 994, 952, 605, 477, 430, 771, 492, 543, 876, 901, 469, 798, 799, 699, 972, 384, 398, 399, 686, 833, 478, 553, 873, 762, 856, 488, 676, 542, 568, 411, 686, 933, 457, 744, 961, 670, 468, 701, 510, 617
2, 21, 25, 35, 39, 81, 87, 98, 125, 126, 130, 131, 135, 157, 164, 167, 177, 188, 203, 203, 210, 223, 226, 248, 249, 267, 283, 279, 276, 324, 317, 308, 326, 376, 358, 336, 356, 373, 379, 680, 638, 973, 860, 883, 688, 800, 398, 998, 656, 545, 791, 877, 466, 749, 665, 427, 397, 697, 415, 884, 994, 952, 605, 477, 430, 771, 492, 543, 876, 901, 469, 798, 799, 699, 972, 384, 398, 399, 686, 833, 478, 553, 873, 762, 856, 488, 676, 542, 568, 411, 686, 933, 457, 744, 961, 670, 468, 701, 510, 617
2, 21, 25, 35, 39, 81, 87, 98, 125, 126, 130, 131, 135, 157, 164, 167, 177, 188, 203, 203, 210, 223, 226, 248, 249, 267, 283, 279, 276, 324, 317, 308, 326, 376, 358, 336, 356, 373, 379, 680, 638, 973, 860, 883, 688, 800, 398, 998, 656, 545, 791, 877, 466, 749, 665, 427, 397, 697, 415, 884, 994, 952, 605, 477, 430, 771, 492, 543, 876, 901, 469, 798, 799, 699, 972, 384, 398, 399, 686, 833, 478, 553, 873, 762, 856, 488, 676, 542, 568, 411, 686, 933, 457, 744, 961, 670, 468, 701, 510, 617
2, 21, 25, 35, 39, 81, 87, 98, 125, 126, 130, 131, 135, 157, 164, 167, 177, 188, 203, 203, 210, 223, 226, 248, 249, 267, 283, 279, 276, 324, 317, 308, 326, 376, 358, 336, 356, 373, 379, 680, 638, 973, 860, 883, 688, 800, 398, 998, 656, 545, 791, 877, 466, 749, 665, 427, 397, 697, 415, 884, 994, 952, 605, 477, 430, 771, 492, 543, 876, 901, 469, 798, 799, 699, 972, 384, 398, 399, 686, 833, 478, 553, 873, 762, 856, 488, 676, 542, 568, 411, 686, 933, 457, 744, 961, 670, 468, 701, 510, 617
2, 21, 25, 35, 39, 81, 87, 98, 125, 126, 130, 131, 135, 157, 164, 167, 177, 188, 203, 203, 210, 223, 226, 248, 249, 267, 283, 279, 276, 324, 317, 308, 326, 376, 358, 336, 356, 373, 379, 680, 638, 973, 860, 883, 688, 800, 398, 998, 656, 545, 791, 877, 466, 749, 665, 427, 397, 697, 415, 884, 994, 952, 605, 477, 430, 771, 492, 543, 876, 901, 469, 798, 799, 699, 972, 384, 398, 399, 686, 833, 478, 553, 873, 762, 856, 488, 676, 542, 568, 411, 686, 933, 457, 744, 961, 670, 468, 701, 510, 617
2, 21, 25, 35, 39, 81, 87, 98, 125, 126, 130, 131, 135, 157, 164, 167, 177, 188, 203, 203, 210, 223, 226, 248, 249, 267, 276, 279, 283, 324, 317, 308, 326, 376, 358, 336, 356, 373, 379, 680, 638, 973, 860, 883, 688, 800, 398, 998, 656, 545, 791, 877, 466, 749, 665, 427, 397, 697, 415, 884, 994, 952, 605, 477, 430, 771, 492, 543, 876, 901, 469, 798, 799, 699, 972, 384, 398, 399, 686, 833, 478, 553, 873, 762, 856, 488, 676, 542, 568, 411, 686, 933, 457, 744, 961, 670, 468, 701, 510, 617
2, 21, 25, 35, 39, 81, 87, 98, 125, 126, 130, 131, 135, 157, 164, 167, 177, 188, 203, 203, 210, 223, 226, 248, 249, 267, 276, 279, 283, 324, 317, 308, 326, 376, 358, 336, 356, 373, 379, 680, 638, 973, 860, 883, 688, 800, 398, 998, 656, 545, 791, 877, 466, 749, 665, 427, 397, 697, 415, 884, 994, 952, 605, 477, 430, 771, 492, 543, 876, 901, 469, 798, 799, 699, 972, 384, 398, 399, 686, 833, 478, 553, 873, 762, 856, 488, 676, 542, 568, 411, 686, 933, 457, 744, 961, 670, 468, 701, 510, 617
2, 21, 25, 35, 39, 81, 87, 98, 125, 126, 130, 131, 135, 157, 164, 167, 177, 188, 203, 203, 210, 223, 226, 248, 249, 267, 276, 279, 283, 324, 317, 308, 326, 376, 358, 336, 356, 373, 379, 680, 638, 973, 860, 883, 688, 800, 398, 998, 656, 545, 791, 877, 466, 749, 665, 427, 397, 697, 415, 884, 994, 952, 605, 477, 430, 771, 492, 543, 876, 901, 469, 798, 799, 699, 972, 384, 398, 399, 686, 833, 478, 553, 873, 762, 856, 488, 676, 542, 568, 411, 686, 933, 457, 744, 961, 670, 468, 701, 510, 617
2, 21, 25, 35, 39, 81, 87, 98, 125, 126, 130, 131, 135, 157, 164, 167, 177, 188, 203, 203, 210, 223, 226, 248, 249, 267, 276, 279, 283, 324, 317, 308, 326, 376, 358, 336, 356, 373, 379, 680, 638, 973, 860, 883, 688, 800, 398, 998, 656, 545, 791, 877, 466, 749, 665, 427, 397, 697, 415, 884, 994, 952, 605, 477, 430, 771, 492, 543, 876, 901, 469, 798, 799, 699, 972, 384, 398, 399, 686, 833, 478, 553, 873, 762, 856, 488, 676, 542, 568, 411, 686, 933, 457, 744, 961, 670, 468, 701, 510, 617
2, 21, 25, 35, 39, 81, 87, 98, 125, 126, 130, 131, 135, 157, 164, 167, 177, 188, 203, 203, 210, 223, 226, 248, 249, 267, 276, 279, 283, 308, 317, 324, 326, 376, 358, 336, 356, 373, 379, 680, 638, 973, 860, 883, 688, 800, 398, 998, 656, 545, 791, 877, 466, 749, 665, 427, 397, 697, 415, 884, 994, 952, 605, 477, 430, 771, 492, 543, 876, 901, 469, 798, 799, 699, 972, 384, 398, 399, 686, 833, 478, 553, 873, 762, 856, 488, 676, 542, 568, 411, 686, 933, 457, 744, 961, 670, 468, 701, 510, 617
2, 21, 25, 35, 39, 81, 87, 98, 125, 126, 130, 131, 135, 157, 164, 167, 177, 188, 203, 203, 210, 223, 226, 248, 249, 267, 276, 279, 283, 308, 317, 324, 326, 376, 358, 336, 356, 373, 379, 680, 638, 973, 860, 883, 688, 800, 398, 998, 656, 545, 791, 877, 466, 749, 665, 427, 397, 697, 415, 884, 994, 952, 605, 477, 430, 771, 492, 543, 876, 901, 469, 798, 799, 699, 972, 384, 398, 399, 686, 833, 478, 553, 873, 762, 856, 488, 676, 542, 568, 411, 686, 933, 457, 744, 961, 670, 468, 701, 510, 617
2, 21, 25, 35, 39, 81, 87, 98, 125, 126, 130, 131, 135, 157, 164, 167, 177, 188, 203, 203, 210, 223, 226, 248, 249, 267, 276, 279, 283, 308, 317, 324, 326, 376, 358, 336, 356, 373, 379, 680, 638, 973, 860, 883, 688, 800, 398, 998, 656, 545, 791, 877, 466, 749, 665, 427, 397, 697, 415, 884, 994, 952, 605, 477, 430, 771, 492, 543, 876, 901, 469, 798, 799, 699, 972, 384, 398, 399, 686, 833, 478, 553, 873, 762, 856, 488, 676, 542, 568, 411, 686, 933, 457, 744, 961, 670, 468, 701, 510, 617
2, 21, 25, 35, 39, 81, 87, 98, 125, 126, 130, 131, 135, 157, 164, 167, 177, 188, 203, 203, 210, 223, 226, 248, 249, 267, 276, 279, 283, 308, 317, 324, 326, 376, 358, 336, 356, 373, 379, 680, 638, 973, 860, 883, 688, 800, 398, 998, 656, 545, 791, 877, 466, 749, 665, 427, 397, 697, 415, 884, 994, 952, 605, 477, 430, 771, 492, 543, 876, 901, 469, 798, 799, 699, 972, 384, 398, 399, 686, 833, 478, 553, 873, 762, 856, 488, 676, 542, 568, 411, 686, 933, 457, 744, 961, 670, 468, 701, 510, 617
2, 21, 25, 35, 39, 81, 87, 98, 125, 126, 130, 131, 135, 157, 164, 167, 177, 188, 203, 203, 210, 223, 226, 248, 249, 267, 276, 279, 283, 308, 317, 324, 326, 376, 358, 336, 356, 373, 379, 680, 638, 973, 860, 883, 688, 800, 398, 998, 656, 545, 791, 877, 466, 749, 665, 427, 397, 697, 415, 884, 994, 952, 605, 477, 430, 771, 492, 543, 876, 901, 469, 798, 799, 699, 972, 384, 398, 399, 686, 833, 478, 553, 873, 762, 856, 488, 676, 542, 568, 411, 686, 933, 457, 744, 961, 670, 468, 701, 510, 617
2, 21, 25, 35, 39, 81, 87, 98, 125, 126, 130, 131, 135, 157, 164, 167, 177, 188, 203, 203, 210, 223, 226, 248, 249, 267, 276, 279, 283, 308, 317, 324, 326, 356, 358, 336, 373, 376, 379, 680, 638, 973, 860, 883, 688, 800, 398, 998, 656, 545, 791, 877, 466, 749, 665, 427, 397, 697, 415, 884, 994, 952, 605, 477, 430, 771, 492, 543, 876, 901, 469, 798, 799, 699, 972, 384, 398, 399, 686, 833, 478, 553, 873, 762, 856, 488, 676, 542, 568, 411, 686, 933, 457, 744, 961, 670, 468, 701, 510, 617
2, 21, 25, 35, 39, 81, 87, 98, 125, 126, 130, 131, 135, 157, 164, 167, 177, 188, 203, 203, 210, 223, 226, 248, 249, 267, 276, 279, 283, 308, 317, 324, 326, 336, 358, 356, 373, 376, 379, 680, 638, 973, 860, 883, 688, 800, 398, 998, 656, 545, 791, 877, 466, 749, 665, 427, 397, 697, 415, 884, 994, 952, 605, 477, 430, 771, 492, 543, 876, 901, 469, 798, 799, 699, 972, 384, 398, 399, 686, 833, 478, 553, 873, 762, 856, 488, 676, 542, 568, 411, 686, 933, 457, 744, 961, 670, 468, 701, 510, 617
2, 21, 25, 35, 39, 81, 87, 98, 125, 126, 130, 131, 135, 157, 164, 167, 177, 188, 203, 203, 210, 223, 226, 248, 249, 267, 276, 279, 283, 308, 317, 324, 326, 336, 358, 356, 373, 376, 379, 680, 638, 973, 860, 883, 688, 800, 398, 998, 656, 545, 791, 877, 466, 749, 665, 427, 397, 697, 415, 884, 994, 952, 605, 477, 430, 771, 492, 543, 876, 901, 469, 798, 799, 699, 972, 384, 398, 399, 686, 833, 478, 553, 873, 762, 856, 488, 676, 542, 568, 411, 686, 933, 457, 744, 961, 670, 468, 701, 510, 617
2, 21, 25, 35, 39, 81, 87, 98, 125, 126, 130, 131, 135, 157, 164, 167, 177, 188, 203, 203, 210, 223, 226, 248, 249, 267, 276, 279, 283, 308, 317, 324, 326, 336, 356, 358, 373, 376, 379, 680, 638, 973, 860, 883, 688, 800, 398, 998, 656, 545, 791, 877, 466, 749, 665, 427, 397, 697, 415, 884, 994, 952, 605, 477, 430, 771, 492, 543, 876, 901, 469, 798, 799, 699, 972, 384, 398, 399, 686, 833, 478, 553, 873, 762, 856, 488, 676, 542, 568, 411, 686, 933, 457, 744, 961, 670, 468, 701, 510, 617
2, 21, 25, 35, 39, 81, 87, 98, 125, 126, 130, 131, 135, 157, 164, 167, 177, 188, 203, 203, 210, 223, 226, 248, 249, 267, 276, 279, 283, 308, 317, 324, 326, 336, 356, 358, 373, 376, 379, 680, 638, 973, 860, 883, 688, 800, 398, 998, 656, 545, 791, 877, 466, 749, 665, 427, 397, 697, 415, 884, 994, 952, 605, 477, 430, 771, 492, 543, 876, 901, 469, 798, 799, 699, 972, 384, 398, 399, 686, 833, 478, 553, 873, 762, 856, 488, 676, 542, 568, 411, 686, 933, 457, 744, 961, 670, 468, 701, 510, 617
2, 21, 25, 35, 39, 81, 87, 98, 125, 126, 130, 131, 135, 157, 164, 167, 177, 188, 203, 203, 210, 223, 226, 248, 249, 267, 276, 279, 283, 308, 317, 324, 326, 336, 356, 358, 373, 376, 379, 680, 638, 973, 860, 883, 688, 800, 398, 998, 656, 545, 791, 877, 466, 749, 665, 427, 397, 697, 415, 884, 994, 952, 605, 477, 430, 771, 492, 543, 876, 901, 469, 798, 799, 699, 972, 384, 398, 399, 686, 833, 478, 553, 873, 762, 856, 488, 676, 542, 568, 411, 686, 933, 457, 744, 961, 670, 468, 701, 510, 617
2, 21, 25, 35, 39, 81, 87, 98, 125, 126, 130, 131, 135, 157, 164, 167, 177, 188, 203, 203, 210, 223, 226, 248, 249, 267, 276, 279, 283, 308, 317, 324, 326, 336, 356, 358, 373, 376, 379, 680, 638, 973, 860, 883, 688, 800, 398, 998, 656, 545, 791, 877, 466, 749, 665, 427, 397, 697, 415, 884, 994, 952, 605, 477, 430, 771, 492, 543, 876, 901, 469, 798, 799, 699, 972, 384, 398, 399, 686, 833, 478, 553, 873, 762, 856, 488, 676, 542, 568, 411, 686, 933, 457, 744, 961, 670, 468, 701, 510, 617
2, 21, 25, 35, 39, 81, 87, 98, 125, 126, 130, 131, 135, 157, 164, 167, 177, 188, 203, 203, 210, 223, 226, 248, 249, 267, 276, 279, 283, 308, 317, 324, 326, 336, 356, 358, 373, 376, 379, 510, 468, 457, 411, 568, 542, 488, 398, 553, 478, 545, 399, 398, 466, 384, 469, 427, 397, 543, 415, 492, 430, 477, 605, 617, 994, 771, 884, 697, 876, 901, 665, 798, 799, 699, 972, 749, 877, 791, 686, 833, 656, 998, 873, 762, 856, 800, 676, 688, 883, 860, 686, 933, 973, 744, 961, 670, 638, 701, 680, 952
2, 21, 25, 35, 39, 81, 87, 98, 125, 126, 130, 131, 135, 157, 164, 167, 177, 188, 203, 203, 210, 223, 226, 248, 249, 267, 276, 279, 283, 308, 317, 324, 326, 336, 356, 358, 373, 376, 379, 477, 468, 457, 411, 430, 492, 488, 398, 415, 478, 397, 399, 398, 466, 384, 469, 427, 510, 543, 553, 542, 568, 605, 545, 617, 994, 771, 884, 697, 876, 901, 665, 798, 799, 699, 972, 749, 877, 791, 686, 833, 656, 998, 873, 762, 856, 800, 676, 688, 883, 860, 686, 933, 973, 744, 961, 670, 638, 701, 680, 952
2, 21, 25, 35, 39, 81, 87, 98, 125, 126, 130, 131, 135, 157, 164, 167, 177, 188, 203, 203, 210, 223, 226, 248, 249, 267, 276, 279, 283, 308, 317, 324, 326, 336, 356, 358, 373, 376, 379, 384, 398, 399, 411, 397, 415, 398, 427, 492, 478, 430, 457, 468, 466, 477, 469, 488, 510, 543, 553, 542, 568, 605, 545, 617, 994, 771, 884, 697, 876, 901, 665, 798, 799, 699, 972, 749, 877, 791, 686, 833, 656, 998, 873, 762, 856, 800, 676, 688, 883, 860, 686, 933, 973, 744, 961, 670, 638, 701, 680, 952
2, 21, 25, 35, 39, 81, 87, 98, 125, 126, 130, 131, 135, 157, 164, 167, 177, 188, 203, 203, 210, 223, 226, 248, 249, 267, 276, 279, 283, 308, 317, 324, 326, 336, 356, 358, 373, 376, 379, 384, 398, 399, 411, 397, 415, 398, 427, 492, 478, 430, 457, 468, 466, 477, 469, 488, 510, 543, 553, 542, 568, 605, 545, 617, 994, 771, 884, 697, 876, 901, 665, 798, 799, 699, 972, 749, 877, 791, 686, 833, 656, 998, 873, 762, 856, 800, 676, 688, 883, 860, 686, 933, 973, 744, 961, 670, 638, 701, 680, 952
2, 21, 25, 35, 39, 81, 87, 98, 125, 126, 130, 131, 135, 157, 164, 167, 177, 188, 203, 203, 210, 223, 226, 248, 249, 267, 276, 279, 283, 308, 317, 324, 326, 336, 356, 358, 373, 376, 379, 384, 398, 399, 411, 397, 415, 398, 427, 492, 478, 430, 457, 468, 466, 477, 469, 488, 510, 543, 553, 542, 568, 605, 545, 617, 994, 771, 884, 697, 876, 901, 665, 798, 799, 699, 972, 749, 877, 791, 686, 833, 656, 998, 873, 762, 856, 800, 676, 688, 883, 860, 686, 933, 973, 744, 961, 670, 638, 701, 680, 952
2, 21, 25, 35, 39, 81, 87, 98, 125, 126, 130, 131, 135, 157, 164, 167, 177, 188, 203, 203, 210, 223, 226, 248, 249, 267, 276, 279, 283, 308, 317, 324, 326, 336, 356, 358, 373, 376, 379, 384, 398, 397, 398, 399, 415, 411, 427, 492, 478, 430, 457, 468, 466, 477, 469, 488, 510, 543, 553, 542, 568, 605, 545, 617, 994, 771, 884, 697, 876, 901, 665, 798, 799, 699, 972, 749, 877, 791, 686, 833, 656, 998, 873, 762, 856, 800, 676, 688, 883, 860, 686, 933, 973, 744, 961, 670, 638, 701, 680, 952
2, 21, 25, 35, 39, 81, 87, 98, 125, 126, 130, 131, 135, 157, 164, 167, 177, 188, 203, 203, 210, 223, 226, 248, 249, 267, 276, 279, 283, 308, 317, 324, 326, 336, 356, 358, 373, 376, 379, 384, 397, 398, 398, 399, 415, 411, 427, 492, 478, 430, 457, 468, 466, 477, 469, 488, 510, 543, 553, 542, 568, 605, 545, 617, 994, 771, 884, 697, 876, 901, 665, 798, 799, 699, 972, 749, 877, 791, 686, 833, 656, 998, 873, 762, 856, 800, 676, 688, 883, 860, 686, 933, 973, 744, 961, 670, 638, 701, 680, 952
2, 21, 25, 35, 39, 81, 87, 98, 125, 126, 130, 131, 135, 157, 164, 167, 177, 188, 203, 203, 210, 223, 226, 248, 249, 267, 276, 279, 283, 308, 317, 324, 326, 336, 356, 358, 373, 376, 379, 384, 397, 398, 398, 399, 415, 411, 427, 492, 478, 430, 457, 468, 466, 477, 469, 488, 510, 543, 553, 542, 568, 605, 545, 617, 994, 771, 884, 697, 876, 901, 665, 798, 799, 699, 972, 749, 877, 791, 686, 833, 656, 998, 873, 762, 856, 800, 676, 688, 883, 860, 686, 933, 973, 744, 961, 670, 638, 701, 680, 952
2, 21, 25, 35, 39, 81, 87, 98, 125, 126, 130, 131, 135, 157, 164, 167, 177, 188, 203, 203, 210, 223, 226, 248, 249, 267, 276, 279, 283, 308, 317, 324, 326, 336, 356, 358, 373, 376, 379, 384, 397, 398, 398, 399, 415, 411, 427, 492, 478, 430, 457, 468, 466, 477, 469, 488, 510, 543, 553, 542, 568, 605, 545, 617, 994, 771, 884, 697, 876, 901, 665, 798, 799, 699, 972, 749, 877, 791, 686, 833, 656, 998, 873, 762, 856, 800, 676, 688, 883, 860, 686, 933, 973, 744, 961, 670, 638, 701, 680, 952
2, 21, 25, 35, 39, 81, 87, 98, 125, 126, 130, 131, 135, 157, 164, 167, 177, 188, 203, 203, 210, 223, 226, 248, 249, 267, 276, 279, 283, 308, 317, 324, 326, 336, 356, 358, 373, 376, 379, 384, 397, 398, 398, 399, 415, 411, 427, 492, 478, 430, 457, 468, 466, 477, 469, 488, 510, 543, 553, 542, 568, 605, 545, 617, 994, 771, 884, 697, 876, 901, 665, 798, 799, 699, 972, 749, 877, 791, 686, 833, 656, 998, 873, 762, 856, 800, 676, 688, 883, 860, 686, 933, 973, 744, 961, 670, 638, 701, 680, 952
2, 21, 25, 35, 39, 81, 87, 98, 125, 126, 130, 131, 135, 157, 164, 167, 177, 188, 203, 203, 210, 223, 226, 248, 249, 267, 276, 279, 283, 308, 317, 324, 326, 336, 356, 358, 373, 376, 379, 384, 397, 398, 398, 399, 415, 411, 427, 492, 478, 430, 457, 468, 466, 477, 469, 488, 510, 543, 553, 542, 568, 605, 545, 617, 994, 771, 884, 697, 876, 901, 665, 798, 799, 699, 972, 749, 877, 791, 686, 833, 656, 998, 873, 762, 856, 800, 676, 688, 883, 860, 686, 933, 973, 744, 961, 670, 638, 701, 680, 952
2, 21, 25, 35, 39, 81, 87, 98, 125, 126, 130, 131, 135, 157, 164, 167, 177, 188, 203, 203, 210, 223, 226, 248, 249, 267, 276, 279, 283, 308, 317, 324, 326, 336, 356, 358, 373, 376, 379, 384, 397, 398, 398, 399, 411, 415, 427, 492, 478, 430, 457, 468, 466, 477, 469, 488, 510, 543, 553, 542, 568, 605, 545, 617, 994, 771, 884, 697, 876, 901, 665, 798, 799, 699, 972, 749, 877, 791, 686, 833, 656, 998, 873, 762, 856, 800, 676, 688, 883, 860, 686, 933, 973, 744, 961, 670, 638, 701, 680, 952
2, 21, 25, 35, 39, 81, 87, 98, 125, 126, 130, 131, 135, 157, 164, 167, 177, 188, 203, 203, 210, 223, 226, 248, 249, 267, 276, 279, 283, 308, 317, 324, 326, 336, 356, 358, 373, 376, 379, 384, 397, 398, 398, 399, 411, 415, 427, 492, 478, 430, 457, 468, 466, 477, 469, 488, 510, 543, 553, 542, 568, 605, 545, 617, 994, 771, 884, 697, 876, 901, 665, 798, 799, 699, 972, 749, 877, 791, 686, 833, 656, 998, 873, 762, 856, 800, 676, 688, 883, 860, 686, 933, 973, 744, 961, 670, 638, 701, 680, 952
2, 21, 25, 35, 39, 81, 87, 98, 125, 126, 130, 131, 135, 157, 164, 167, 177, 188, 203, 203, 210, 223, 226, 248, 249, 267, 276, 279, 283, 308, 317, 324, 326, 336, 356, 358, 373, 376, 379, 384, 397, 398, 398, 399, 411, 415, 427, 492, 478, 430, 457, 468, 466, 477, 469, 488, 510, 543, 553, 542, 568, 605, 545, 617, 994, 771, 884, 697, 876, 901, 665, 798, 799, 699, 972, 749, 877, 791, 686, 833, 656, 998, 873, 762, 856, 800, 676, 688, 883, 860, 686, 933, 973, 744, 961, 670, 638, 701, 680, 952
2, 21, 25, 35, 39, 81, 87, 98, 125, 126, 130, 131, 135, 157, 164, 167, 177, 188, 203, 203, 210, 223, 226, 248, 249, 267, 276, 279, 283, 308, 317, 324, 326, 336, 356, 358, 373, 376, 379, 384, 397, 398, 398, 399, 411, 415, 427, 469, 478, 430, 457, 468, 466, 477, 488, 492, 510, 543, 553, 542, 568, 605, 545, 617, 994, 771, 884, 697, 876, 901, 665, 798, 799, 699, 972, 749, 877, 791, 686, 833, 656, 998, 873, 762, 856, 800, 676, 688, 883, 860, 686, 933, 973, 744, 961, 670, 638, 701, 680, 952
2, 21, 25, 35, 39, 81, 87, 98, 125, 126, 130, 131, 135, 157, 164, 167, 177, 188, 203, 203, 210, 223, 226, 248, 249, 267, 276, 279, 283, 308, 317, 324, 326, 336, 356, 358, 373, 376, 379, 384, 397, 398, 398, 399, 411, 415, 427, 466, 468, 430, 457, 469, 477, 478, 488, 492, 510, 543, 553, 542, 568, 605, 545, 617, 994, 771, 884, 697, 876, 901, 665, 798, 799, 699, 972, 749, 877, 791, 686, 833, 656, 998, 873, 762, 856, 800, 676, 688, 883, 860, 686, 933, 973, 744, 961, 670, 638, 701, 680, 952
2, 21, 25, 35, 39, 81, 87, 98, 125, 126, 130, 131, 135, 157, 164, 167, 177, 188, 203, 203, 210, 223, 226, 248, 249, 267, 276, 279, 283, 308, 317, 324, 326, 336, 356, 358, 373, 376, 379, 384, 397, 398, 398, 399, 411, 415, 427, 430, 457, 466, 468, 469, 477, 478, 488, 492, 510, 543, 553, 542, 568, 605, 545, 617, 994, 771, 884, 697, 876, 901, 665, 798, 799, 699, 972, 749, 877, 791, 686, 833, 656, 998, 873, 762, 856, 800, 676, 688, 883, 860, 686, 933, 973, 744, 961, 670, 638, 701, 680, 952
2, 21, 25, 35, 39, 81, 87, 98, 125, 126, 130, 131, 135, 157, 164, 167, 177, 188, 203, 203, 210, 223, 226, 248, 249, 267, 276, 279, 283, 308, 317, 324, 326, 336, 356, 358, 373, 376, 379, 384, 397, 398, 398, 399, 411, 415, 427, 430, 457, 466, 468, 469, 477, 478, 488, 492, 510, 543, 553, 542, 568, 605, 545, 617, 994, 771, 884, 697, 876, 901, 665, 798, 799, 699, 972, 749, 877, 791, 686, 833, 656, 998, 873, 762, 856, 800, 676, 688, 883, 860, 686, 933, 973, 744, 961, 670, 638, 701, 680, 952
2, 21, 25, 35, 39, 81, 87, 98, 125, 126, 130, 131, 135, 157, 164, 167, 177, 188, 203, 203, 210, 223, 226, 248, 249, 267, 276, 279, 283, 308, 317, 324, 326, 336, 356, 358, 373, 376, 379, 384, 397, 398, 398, 399, 411, 415, 427, 430, 457, 466, 468, 469, 477, 478, 488, 492, 510, 543, 553, 542, 568, 605, 545, 617, 994, 771, 884, 697, 876, 901, 665, 798, 799, 699, 972, 749, 877, 791, 686, 833, 656, 998, 873, 762, 856, 800, 676, 688, 883, 860, 686, 933, 973, 744, 961, 670, 638, 701, 680, 952
2, 21, 25, 35, 39, 81, 87, 98, 125, 126, 130, 131, 135, 157, 164, 167, 177, 188, 203, 203, 210, 223, 226, 248, 249, 267, 276, 279, 283, 308, 317, 324, 326, 336, 356, 358, 373, 376, 379, 384, 397, 398, 398, 399, 411, 415, 427, 430, 457, 466, 468, 469, 477, 478, 488, 492, 510, 543, 553, 542, 568, 605, 545, 617, 994, 771, 884, 697, 876, 901, 665, 798, 799, 699, 972, 749, 877, 791, 686, 833, 656, 998, 873, 762, 856, 800, 676, 688, 883, 860, 686, 933, 973, 744, 961, 670, 638, 701, 680, 952
2, 21, 25, 35, 39, 81, 87, 98, 125, 126, 130, 131, 135, 157, 164, 167, 177, 188, 203, 203, 210, 223, 226, 248, 249, 267, 276, 279, 283, 308, 317, 324, 326, 336, 356, 358, 373, 376, 379, 384, 397, 398, 398, 399, 411, 415, 427, 430, 457, 466, 468, 469, 477, 478, 488, 492, 510, 543, 553, 542, 568, 605, 545, 617, 994, 771, 884, 697, 876, 901, 665, 798, 799, 699, 972, 749, 877, 791, 686, 833, 656, 998, 873, 762, 856, 800, 676, 688, 883, 860, 686, 933, 973, 744, 961, 670, 638, 701, 680, 952
2, 21, 25, 35, 39, 81, 87, 98, 125, 126, 130, 131, 135, 157, 164, 167, 177, 188, 203, 203, 210, 223, 226, 248, 249, 267, 276, 279, 283, 308, 317, 324, 326, 336, 356, 358, 373, 376, 379, 384, 397, 398, 398, 399, 411, 415, 427, 430, 457, 466, 468, 469, 477, 478, 488, 492, 510, 543, 553, 542, 568, 605, 545, 617, 994, 771, 884, 697, 876, 901, 665, 798, 799, 699, 972, 749, 877, 791, 686, 833, 656, 998, 873, 762, 856, 800, 676, 688, 883, 860, 686, 933, 973, 744, 961, 670, 638, 701, 680, 952
2, 21, 25, 35, 39, 81, 87, 98, 125, 126, 130, 131, 135, 157, 164, 167, 177, 188, 203, 203, 210, 223, 226, 248, 249, 267, 276, 279, 283, 308, 317, 324, 326, 336, 356, 358, 373, 376, 379, 384, 397, 398, 398, 399, 411, 415, 427, 430, 457, 466, 468, 469, 477, 478, 488, 492, 510, 543, 553, 542, 568, 605, 545, 617, 994, 771, 884, 697, 876, 901, 665, 798, 799, 699, 972, 749, 877, 791, 686, 833, 656, 998, 873, 762, 856, 800, 676, 688, 883, 860, 686, 933, 973, 744, 961, 670, 638, 701, 680, 952
2, 21, 25, 35, 39, 81, 87, 98, 125, 126, 130, 131, 135, 157, 164, 167, 177, 188, 203, 203, 210, 223, 226, 248, 249, 267, 276, 279, 283, 308, 317, 324, 326, 336, 356, 358, 373, 376, 379, 384, 397, 398, 398, 399, 411, 415, 427, 430, 457, 466, 468, 469, 477, 478, 488, 492, 510, 543, 553, 542, 568, 605, 545, 617, 994, 771, 884, 697, 876, 901, 665, 798, 799, 699, 972, 749, 877, 791, 686, 833, 656, 998, 873, 762, 856, 800, 676, 688, 883, 860, 686, 933, 973, 744, 961, 670, 638, 701, 680, 952
2, 21, 25, 35, 39, 81, 87, 98, 125, 126, 130, 131, 135, 157, 164, 167, 177, 188, 203, 203, 210, 223, 226, 248, 249, 267, 276, 279, 283, 308, 317, 324, 326, 336, 356, 358, 373, 376, 379, 384, 397, 398, 398, 399, 411, 415, 427, 430, 457, 466, 468, 469, 477, 478, 488, 492, 510, 543, 553, 542, 568, 605, 545, 617, 994, 771, 884, 697, 876, 901, 665, 798, 799, 699, 972, 749, 877, 791, 686, 833, 656, 998, 873, 762, 856, 800, 676, 688, 883, 860, 686, 933, 973, 744, 961, 670, 638, 701, 680, 952
2, 21, 25, 35, 39, 81, 87, 98, 125, 126, 130, 131, 135, 157, 164, 167, 177, 188, 203, 203, 210, 223, 226, 248, 249, 267, 276, 279, 283, 308, 317, 324, 326, 336, 356, 358, 373, 376, 379, 384, 397, 398, 398, 399, 411, 415, 427, 430, 457, 466, 468, 469, 477, 478, 488, 492, 510, 542, 543, 545, 568, 605, 553, 617, 994, 771, 884, 697, 876, 901, 665, 798, 799, 699, 972, 749, 877, 791, 686, 833, 656, 998, 873, 762, 856, 800, 676, 688, 883, 860, 686, 933, 973, 744, 961, 670, 638, 701, 680, 952
2, 21, 25, 35, 39, 81, 87, 98, 125, 126, 130, 131, 135, 157, 164, 167, 177, 188, 203, 203, 210, 223, 226, 248, 249, 267, 276, 279, 283, 308, 317, 324, 326, 336, 356, 358, 373, 376, 379, 384, 397, 398, 398, 399, 411, 415, 427, 430, 457, 466, 468, 469, 477, 478, 488, 492, 510, 542, 543, 545, 568, 605, 553, 617, 994, 771, 884, 697, 876, 901, 665, 798, 799, 699, 972, 749, 877, 791, 686, 833, 656, 998, 873, 762, 856, 800, 676, 688, 883, 860, 686, 933, 973, 744, 961, 670, 638, 701, 680, 952
2, 21, 25, 35, 39, 81, 87, 98, 125, 126, 130, 131, 135, 157, 164, 167, 177, 188, 203, 203, 210, 223, 226, 248, 249, 267, 276, 279, 283, 308, 317, 324, 326, 336, 356, 358, 373, 376, 379, 384, 397, 398, 398, 399, 411, 415, 427, 430, 457, 466, 468, 469, 477, 478, 488, 492, 510, 542, 543, 545, 568, 605, 553, 617, 994, 771, 884, 697, 876, 901, 665, 798, 799, 699, 972, 749, 877, 791, 686, 833, 656, 998, 873, 762, 856, 800, 676, 688, 883, 860, 686, 933, 973, 744, 961, 670, 638, 701, 680, 952
2, 21, 25, 35, 39, 81, 87, 98, 125, 126, 130, 131, 135, 157, 164, 167, 177, 188, 203, 203, 210, 223, 226, 248, 249, 267, 276, 279, 283, 308, 317, 324, 326, 336, 356, 358, 373, 376, 379, 384, 397, 398, 398, 399, 411, 415, 427, 430, 457, 466, 468, 469, 477, 478, 488, 492, 510, 542, 543, 545, 568, 605, 553, 617, 994, 771, 884, 697, 876, 901, 665, 798, 799, 699, 972, 749, 877, 791, 686, 833, 656, 998, 873, 762, 856, 800, 676, 688, 883, 860, 686, 933, 973, 744, 961, 670, 638, 701, 680, 952
2, 21, 25, 35, 39, 81, 87, 98, 125, 126, 130, 131, 135, 157, 164, 167, 177, 188, 203, 203, 210, 223, 226, 248, 249, 267, 276, 279, 283, 308, 317, 324, 326, 336, 356, 358, 373, 376, 379, 384, 397, 398, 398, 399, 411, 415, 427, 430, 457, 466, 468, 469, 477, 478, 488, 492, 510, 542, 543, 545, 553, 605, 568, 617, 994, 771, 884, 697, 876, 901, 665, 798, 799, 699, 972, 749, 877, 791, 686, 833, 656, 998, 873, 762, 856, 800, 676, 688, 883, 860, 686, 933, 973, 744, 961, 670, 638, 701, 680, 952
2, 21, 25, 35, 39, 81, 87, 98, 125, 126, 130, 131, 135, 157, 164, 167, 177, 188, 203, 203, 210, 223, 226, 248, 249, 267, 276, 279, 283, 308, 317, 324, 326, 336, 356, 358, 373, 376, 379, 384, 397, 398, 398, 399, 411, 415, 427, 430, 457, 466, 468, 469, 477, 478, 488, 492, 510, 542, 543, 545, 553, 605, 568, 617, 994, 771, 884, 697, 876, 901, 665, 798, 799, 699, 972, 749, 877, 791, 686, 833, 656, 998, 873, 762, 856, 800, 676, 688, 883, 860, 686, 933, 973, 744, 961, 670, 638, 701, 680, 952
2, 21, 25, 35, 39, 81, 87, 98, 125, 126, 130, 131, 135, 157, 164, 167, 177, 188, 203, 203, 210, 223, 226, 248, 249, 267, 276, 279, 283, 308, 317, 324, 326, 336, 356, 358, 373, 376, 379, 384, 397, 398, 398, 399, 411, 415, 427, 430, 457, 466, 468, 469, 477, 478, 488, 492, 510, 542, 543, 545, 553, 568, 605, 617, 994, 771, 884, 697, 876, 901, 665, 798, 799, 699, 972, 749, 877, 791, 686, 833, 656, 998, 873, 762, 856, 800, 676, 688, 883, 860, 686, 933, 973, 744, 961, 670, 638, 701, 680, 952
2, 21, 25, 35, 39, 81, 87, 98, 125, 126, 130, 131, 135, 157, 164, 167, 177, 188, 203, 203, 210, 223, 226, 248, 249, 267, 276, 279, 283, 308, 317, 324, 326, 336, 356, 358, 373, 376, 379, 384, 397, 398, 398, 399, 411, 415, 427, 430, 457, 466, 468, 469, 477, 478, 488, 492, 510, 542, 543, 545, 553, 568, 605, 617, 994, 771, 884, 697, 876, 901, 665, 798, 799, 699, 972, 749, 877, 791, 686, 833, 656, 998, 873, 762, 856, 800, 676, 688, 883, 860, 686, 933, 973, 744, 961, 670, 638, 701, 680, 952
2, 21, 25, 35, 39, 81, 87, 98, 125, 126, 130, 131, 135, 157, 164, 167, 177, 188, 203, 203, 210, 223, 226, 248, 249, 267, 276, 279, 283, 308, 317, 324, 326, 336, 356, 358, 373, 376, 379, 384, 397, 398, 398, 399, 411, 415, 427, 430, 457, 466, 468, 469, 477, 478, 488, 492, 510, 542, 543, 545, 553, 568, 605, 617, 994, 771, 884, 697, 876, 901, 665, 798, 799, 699, 972, 749, 877, 791, 686, 833, 656, 998, 873, 762, 856, 800, 676, 688, 883, 860, 686, 933, 973, 744, 961, 670, 638, 701, 680, 952
2, 21, 25, 35, 39, 81, 87, 98, 125, 126, 130, 131, 135, 157, 164, 167, 177, 188, 203, 203, 210, 223, 226, 248, 249, 267, 276, 279, 283, 308, 317, 324, 326, 336, 356, 358, 373, 376, 379, 384, 397, 398, 398, 399, 411, 415, 427, 430, 457, 466, 468, 469, 477, 478, 488, 492, 510, 542, 543, 545, 553, 568, 605, 617, 680, 771, 884, 697, 876, 901, 665, 798, 799, 699, 701, 749, 877, 791, 686, 833, 656, 638, 873, 762, 856, 800, 676, 688, 883, 860, 686, 933, 670, 744, 952, 973, 998, 972, 994, 961
2, 21, 25, 35, 39, 81, 87, 98, 125, 126, 130, 131, 135, 157, 164, 167, 177, 188, 203, 203, 210, 223, 226, 248, 249, 267, 276, 279, 283, 308, 317, 324, 326, 336, 356, 358, 373, 376, 379, 384, 397, 398, 398, 399, 411, 415, 427, 430, 457, 466, 468, 469, 477, 478, 488, 492, 510, 542, 543, 545, 553, 568, 605, 617, 670, 676, 638, 656, 665, 680, 876, 798, 799, 699, 701, 749, 877, 791, 686, 833, 697, 884, 873, 762, 856, 800, 771, 688, 883, 860, 686, 933, 744, 901, 952, 973, 998, 972, 994, 961
2, 21, 25, 35, 39, 81, 87, 98, 125, 126, 130, 131, 135, 157, 164, 167, 177, 188, 203, 203, 210, 223, 226, 248, 249, 267, 276, 279, 283, 308, 317, 324, 326, 336, 356, 358, 373, 376, 379, 384, 397, 398, 398, 399, 411, 415, 427, 430, 457, 466, 468, 469, 477, 478, 488, 492, 510, 542, 543, 545, 553, 568, 605, 617, 656, 638, 665, 670, 676, 680, 876, 798, 799, 699, 701, 749, 877, 791, 686, 833, 697, 884, 873, 762, 856, 800, 771, 688, 883, 860, 686, 933, 744, 901, 952, 973, 998, 972, 994, 961
2, 21, 25, 35, 39, 81, 87, 98, 125, 126, 130, 131, 135, 157, 164, 167, 177, 188, 203, 203, 210, 223, 226, 248, 249, 267, 276, 279, 283, 308, 317, 324, 326, 336, 356, 358, 373, 376, 379, 384, 397, 398, 398, 399, 411, 415, 427, 430, 457, 466, 468, 469, 477, 478, 488, 492, 510, 542, 543, 545, 553, 568, 605, 617, 638, 656, 665, 670, 676, 680, 876, 798, 799, 699, 701, 749, 877, 791, 686, 833, 697, 884, 873, 762, 856, 800, 771, 688, 883, 860, 686, 933, 744, 901, 952, 973, 998, 972, 994, 961
2, 21, 25, 35, 39, 81, 87, 98, 125, 126, 130, 131, 135, 157, 164, 167, 177, 188, 203, 203, 210, 223, 226, 248, 249, 267, 276, 279, 283, 308, 317, 324, 326, 336, 356, 358, 373, 376, 379, 384, 397, 398, 398, 399, 411, 415, 427, 430, 457, 466, 468, 469, 477, 478, 488, 492, 510, 542, 543, 545, 553, 568, 605, 617, 638, 656, 665, 670, 676, 680, 876, 798, 799, 699, 701, 749, 877, 791, 686, 833, 697, 884, 873, 762, 856, 800, 771, 688, 883, 860, 686, 933, 744, 901, 952, 973, 998, 972, 994, 961
2, 21, 25, 35, 39, 81, 87, 98, 125, 126, 130, 131, 135, 157, 164, 167, 177, 188, 203, 203, 210, 223, 226, 248, 249, 267, 276, 279, 283, 308, 317, 324, 326, 336, 356, 358, 373, 376, 379, 384, 397, 398, 398, 399, 411, 415, 427, 430, 457, 466, 468, 469, 477, 478, 488, 492, 510, 542, 543, 545, 553, 568, 605, 617, 638, 656, 665, 670, 676, 680, 876, 798, 799, 699, 701, 749, 877, 791, 686, 833, 697, 884, 873, 762, 856, 800, 771, 688, 883, 860, 686, 933, 744, 901, 952, 973, 998, 972, 994, 961
2, 21, 25, 35, 39, 81, 87, 98, 125, 126, 130, 131, 135, 157, 164, 167, 177, 188, 203, 203, 210, 223, 226, 248, 249, 267, 276, 279, 283, 308, 317, 324, 326, 336, 356, 358, 373, 376, 379, 384, 397, 398, 398, 399, 411, 415, 427, 430, 457, 466, 468, 469, 477, 478, 488, 492, 510, 542, 543, 545, 553, 568, 605, 617, 638, 656, 665, 670, 676, 680, 876, 798, 799, 699, 701, 749, 877, 791, 686, 833, 697, 884, 873, 762, 856, 800, 771, 688, 883, 860, 686, 933, 744, 901, 952, 973, 998, 972, 994, 961
2, 21, 25, 35, 39, 81, 87, 98, 125, 126, 130, 131, 135, 157, 164, 167, 177, 188, 203, 203, 210, 223, 226, 248, 249, 267, 276, 279, 283, 308, 317, 324, 326, 336, 356, 358, 373, 376, 379, 384, 397, 398, 398, 399, 411, 415, 427, 430, 457, 466, 468, 469, 477, 478, 488, 492, 510, 542, 543, 545, 553, 568, 605, 617, 638, 656, 665, 670, 676, 680, 876, 798, 799, 699, 701, 749, 877, 791, 686, 833, 697, 884, 873, 762, 856, 800, 771, 688, 883, 860, 686, 933, 744, 901, 952, 973, 998, 972, 994, 961
2, 21, 25, 35, 39, 81, 87, 98, 125, 126, 130, 131, 135, 157, 164, 167, 177, 188, 203, 203, 210, 223, 226, 248, 249, 267, 276, 279, 283, 308, 317, 324, 326, 336, 356, 358, 373, 376, 379, 384, 397, 398, 398, 399, 411, 415, 427, 430, 457, 466, 468, 469, 477, 478, 488, 492, 510, 542, 543, 545, 553, 568, 605, 617, 638, 656, 665, 670, 676, 680, 876, 798, 799, 699, 701, 749, 877, 791, 686, 833, 697, 884, 873, 762, 856, 800, 771, 688, 883, 860, 686, 933, 744, 901, 952, 973, 998, 972, 994, 961
2, 21, 25, 35, 39, 81, 87, 98, 125, 126, 130, 131, 135, 157, 164, 167, 177, 188, 203, 203, 210, 223, 226, 248, 249, 267, 276, 279, 283, 308, 317, 324, 326, 336, 356, 358, 373, 376, 379, 384, 397, 398, 398, 399, 411, 415, 427, 430, 457, 466, 468, 469, 477, 478, 488, 492, 510, 542, 543, 545, 553, 568, 605, 617, 638, 656, 665, 670, 676, 680, 744, 798, 799, 699, 701, 749, 686, 791, 686, 833, 697, 860, 873, 762, 856, 800, 771, 688, 876, 884, 877, 933, 901, 883, 952, 973, 998, 972, 994, 961
2, 21, 25, 35, 39, 81, 87, 98, 125, 126, 130, 131, 135, 157, 164, 167, 177, 188, 203, 203, 210, 223, 226, 248, 249, 267, 276, 279, 283, 308, 317, 324, 326, 336, 356, 358, 373, 376, 379, 384, 397, 398, 398, 399, 411, 415, 427, 430, 457, 466, 468, 469, 477, 478, 488, 492, 510, 542, 543, 545, 553, 568, 605, 617, 638, 656, 665, 670, 676, 680, 686, 686, 688, 699, 701, 749, 798, 791, 744, 833, 697, 860, 873, 762, 856, 800, 771, 799, 876, 884, 877, 933, 901, 883, 952, 973, 998, 972, 994, 961
2, 21, 25, 35, 39, 81, 87, 98, 125, 126, 130, 131, 135, 157, 164, 167, 177, 188, 203, 203, 210, 223, 226, 248, 249, 267, 276, 279, 283, 308, 317, 324, 326, 336, 356, 358, 373, 376, 379, 384, 397, 398, 398, 399, 411, 415, 427, 430, 457, 466, 468, 469, 477, 478, 488, 492, 510, 542, 543, 545, 553, 568, 605, 617, 638, 656, 665, 670, 676, 680, 686, 686, 688, 699, 701, 749, 798, 791, 744, 833, 697, 860, 873, 762, 856, 800, 771, 799, 876, 884, 877, 933, 901, 883, 952, 973, 998, 972, 994, 961
2, 21, 25, 35, 39, 81, 87, 98, 125, 126, 130, 131, 135, 157, 164, 167, 177, 188, 203, 203, 210, 223, 226, 248, 249, 267, 276, 279, 283, 308, 317, 324, 326, 336, 356, 358, 373, 376, 379, 384, 397, 398, 398, 399, 411, 415, 427, 430, 457, 466, 468, 469, 477, 478, 488, 492, 510, 542, 543, 545, 553, 568, 605, 617, 638, 656, 665, 670, 676, 680, 686, 686, 688, 699, 701, 749, 798, 791, 744, 833, 697, 860, 873, 762, 856, 800, 771, 799, 876, 884, 877, 933, 901, 883, 952, 973, 998, 972, 994, 961
2, 21, 25, 35, 39, 81, 87, 98, 125, 126, 130, 131, 135, 157, 164, 167, 177, 188, 203, 203, 210, 223, 226, 248, 249, 267, 276, 279, 283, 308, 317, 324, 326, 336, 356, 358, 373, 376, 379, 384, 397, 398, 398, 399, 411, 415, 427, 430, 457, 466, 468, 469, 477, 478, 488, 492, 510, 542, 543, 545, 553, 568, 605, 617, 638, 656, 665, 670, 676, 680, 686, 686, 688, 699, 701, 749, 798, 791, 744, 833, 697, 860, 873, 762, 856, 800, 771, 799, 876, 884, 877, 933, 901, 883, 952, 973, 998, 972, 994, 961
2, 21, 25, 35, 39, 81, 87, 98, 125, 126, 130, 131, 135, 157, 164, 167, 177, 188, 203, 203, 210, 223, 226, 248, 249, 267, 276, 279, 283, 308, 317, 324, 326, 336, 356, 358, 373, 376, 379, 384, 397, 398, 398, 399, 411, 415, 427, 430, 457, 466, 468, 469, 477, 478, 488, 492, 510, 542, 543, 545, 553, 568, 605, 617, 638, 656, 665, 670, 676, 680, 686, 686, 688, 697, 699, 749, 798, 791, 744, 833, 799, 860, 873, 762, 856, 800, 771, 701, 876, 884, 877, 933, 901, 883, 952, 973, 998, 972, 994, 961
2, 21, 25, 35, 39, 81, 87, 98, 125, 126, 130, 131, 135, 157, 164, 167, 177, 188, 203, 203, 210, 223, 226, 248, 249, 267, 276, 279, 283, 308, 317, 324, 326, 336, 356, 358, 373, 376, 379, 384, 397, 398, 398, 399, 411, 415, 427, 430, 457, 466, 468, 469, 477, 478, 488, 492, 510, 542, 543, 545, 553, 568, 605, 617, 638, 656, 665, 670, 676, 680, 686, 686, 688, 697, 699, 749, 798, 791, 744, 833, 799, 860, 873, 762, 856, 800, 771, 701, 876, 884, 877, 933, 901, 883, 952, 973, 998, 972, 994, 961
2, 21, 25, 35, 39, 81, 87, 98, 125, 126, 130, 131, 135, 157, 164, 167, 177, 188, 203, 203, 210, 223, 226, 248, 249, 267, 276, 279, 283, 308, 317, 324, 326, 336, 356, 358, 373, 376, 379, 384, 397, 398, 398, 399, 411, 415, 427, 430, 457, 466, 468, 469, 477, 478, 488, 492, 510, 542, 543, 545, 553, 568, 605, 617, 638, 656, 665, 670, 676, 680, 686, 686, 688, 697, 699, 701, 798, 791, 744, 833, 799, 860, 873, 762, 856, 800, 771, 749, 876, 884, 877, 933, 901, 883, 952, 973, 998, 972, 994, 961
2, 21, 25, 35, 39, 81, 87, 98, 125, 126, 130, 131, 135, 157, 164, 167, 177, 188, 203, 203, 210, 223, 226, 248, 249, 267, 276, 279, 283, 308, 317, 324, 326, 336, 356, 358, 373, 376, 379, 384, 397, 398, 398, 399, 411, 415, 427, 430, 457, 466, 468, 469, 477, 478, 488, 492, 510, 542, 543, 545, 553, 568, 605, 617, 638, 656, 665, 670, 676, 680, 686, 686, 688, 697, 699, 701, 798, 791, 744, 833, 799, 860, 873, 762, 856, 800, 771, 749, 876, 884, 877, 933, 901, 883, 952, 973, 998, 972, 994, 961
2, 21, 25, 35, 39, 81, 87, 98, 125, 126, 130, 131, 135, 157, 164, 167, 177, 188, 203, 203, 210, 223, 226, 248, 249, 267, 276, 279, 283, 308, 317, 324, 326, 336, 356, 358, 373, 376, 379, 384, 397, 398, 398, 399, 411, 415, 427, 430, 457, 466, 468, 469, 477, 478, 488, 492, 510, 542, 543, 545, 553, 568, 605, 617, 638, 656, 665, 670, 676, 680, 686, 686, 688, 697, 699, 701, 744, 749, 798, 833, 799, 860, 873, 762, 856, 800, 771, 791, 876, 884, 877, 933, 901, 883, 952, 973, 998, 972, 994, 961
2, 21, 25, 35, 39, 81, 87, 98, 125, 126, 130, 131, 135, 157, 164, 167, 177, 188, 203, 203, 210, 223, 226, 248, 249, 267, 276, 279, 283, 308, 317, 324, 326, 336, 356, 358, 373, 376, 379, 384, 397, 398, 398, 399, 411, 415, 427, 430, 457, 466, 468, 469, 477, 478, 488, 492, 510, 542, 543, 545, 553, 568, 605, 617, 638, 656, 665, 670, 676, 680, 686, 686, 688, 697, 699, 701, 744, 749, 798, 833, 799, 860, 873, 762, 856, 800, 771, 791, 876, 884, 877, 933, 901, 883, 952, 973, 998, 972, 994, 961
2, 21, 25, 35, 39, 81, 87, 98, 125, 126, 130, 131, 135, 157, 164, 167, 177, 188, 203, 203, 210, 223, 226, 248, 249, 267, 276, 279, 283, 308, 317, 324, 326, 336, 356, 358, 373, 376, 379, 384, 397, 398, 398, 399, 411, 415, 427, 430, 457, 466, 468, 469, 477, 478, 488, 492, 510, 542, 543, 545, 553, 568, 605, 617, 638, 656, 665, 670, 676, 680, 686, 686, 688, 697, 699, 701, 744, 749, 771, 762, 791, 860, 873, 833, 856, 800, 798, 799, 876, 884, 877, 933, 901, 883, 952, 973, 998, 972, 994, 961
2, 21, 25, 35, 39, 81, 87, 98, 125, 126, 130, 131, 135, 157, 164, 167, 177, 188, 203, 203, 210, 223, 226, 248, 249, 267, 276, 279, 283, 308, 317, 324, 326, 336, 356, 358, 373, 376, 379, 384, 397, 398, 398, 399, 411, 415, 427, 430, 457, 466, 468, 469, 477, 478, 488, 492, 510, 542, 543, 545, 553, 568, 605, 617, 638, 656, 665, 670, 676, 680, 686, 686, 688, 697, 699, 701, 744, 749, 762, 771, 791, 860, 873, 833, 856, 800, 798, 799, 876, 884, 877, 933, 901, 883, 952, 973, 998, 972, 994, 961
2, 21, 25, 35, 39, 81, 87, 98, 125, 126, 130, 131, 135, 157, 164, 167, 177, 188, 203, 203, 210, 223, 226, 248, 249, 267, 276, 279, 283, 308, 317, 324, 326, 336, 356, 358, 373, 376, 379, 384, 397, 398, 398, 399, 411, 415, 427, 430, 457, 466, 468, 469, 477, 478, 488, 492, 510, 542, 543, 545, 553, 568, 605, 617, 638, 656, 665, 670, 676, 680, 686, 686, 688, 697, 699, 701, 744, 749, 762, 771, 791, 860, 873, 833, 856, 800, 798, 799, 876, 884, 877, 933, 901, 883, 952, 973, 998, 972, 994, 961
2, 21, 25, 35, 39, 81, 87, 98, 125, 126, 130, 131, 135, 157, 164, 167, 177, 188, 203, 203, 210, 223, 226, 248, 249, 267, 276, 279, 283, 308, 317, 324, 326, 336, 356, 358, 373, 376, 379, 384, 397, 398, 398, 399, 411, 415, 427, 430, 457, 466, 468, 469, 477, 478, 488, 492, 510, 542, 543, 545, 553, 568, 605, 617, 638, 656, 665, 670, 676, 680, 686, 686, 688, 697, 699, 701, 744, 749, 762, 771, 791, 860, 873, 833, 856, 800, 798, 799, 876, 884, 877, 933, 901, 883, 952, 973, 998, 972, 994, 961
2, 21, 25, 35, 39, 81, 87, 98, 125, 126, 130, 131, 135, 157, 164, 167, 177, 188, 203, 203, 210, 223, 226, 248, 249, 267, 276, 279, 283, 308, 317, 324, 326, 336, 356, 358, 373, 376, 379, 384, 397, 398, 398, 399, 411, 415, 427, 430, 457, 466, 468, 469, 477, 478, 488, 492, 510, 542, 543, 545, 553, 568, 605, 617, 638, 656, 665, 670, 676, 680, 686, 686, 688, 697, 699, 701, 744, 749, 762, 771, 791, 798, 799, 833, 856, 800, 860, 873, 876, 884, 877, 933, 901, 883, 952, 973, 998, 972, 994, 961
2, 21, 25, 35, 39, 81, 87, 98, 125, 126, 130, 131, 135, 157, 164, 167, 177, 188, 203, 203, 210, 223, 226, 248, 249, 267, 276, 279, 283, 308, 317, 324, 326, 336, 356, 358, 373, 376, 379, 384, 397, 398, 398, 399, 411, 415, 427, 430, 457, 466, 468, 469, 477, 478, 488, 492, 510, 542, 543, 545, 553, 568, 605, 617, 638, 656, 665, 670, 676, 680, 686, 686, 688, 697, 699, 701, 744, 749, 762, 771, 791, 798, 799, 833, 856, 800, 860, 873, 876, 884, 877, 933, 901, 883, 952, 973, 998, 972, 994, 961
2, 21, 25, 35, 39, 81, 87, 98, 125, 126, 130, 131, 135, 157, 164, 167, 177, 188, 203, 203, 210, 223, 226, 248, 249, 267, 276, 279, 283, 308, 317, 324, 326, 336, 356, 358, 373, 376, 379, 384, 397, 398, 398, 399, 411, 415, 427, 430, 457, 466, 468, 469, 477, 478, 488, 492, 510, 542, 543, 545, 553, 568, 605, 617, 638, 656, 665, 670, 676, 680, 686, 686, 688, 697, 699, 701, 744, 749, 762, 771, 791, 798, 799, 800, 833, 873, 860, 856, 876, 884, 877, 933, 901, 883, 952, 973, 998, 972, 994, 961
2, 21, 25, 35, 39, 81, 87, 98, 125, 126, 130, 131, 135, 157, 164, 167, 177, 188, 203, 203, 210, 223, 226, 248, 249, 267, 276, 279, 283, 308, 317, 324, 326, 336, 356, 358, 373, 376, 379, 384, 397, 398, 398, 399, 411, 415, 427, 430, 457, 466, 468, 469, 477, 478, 488, 492, 510, 542, 543, 545, 553, 568, 605, 617, 638, 656, 665, 670, 676, 680, 686, 686, 688, 697, 699, 701, 744, 749, 762, 771, 791, 798, 799, 800, 833, 873, 860, 856, 876, 884, 877, 933, 901, 883, 952, 973, 998, 972, 994, 961
2, 21, 25, 35, 39, 81, 87, 98, 125, 126, 130, 131, 135, 157, 164, 167, 177, 188, 203, 203, 210, 223, 226, 248, 249, 267, 276, 279, 283, 308, 317, 324, 326, 336, 356, 358, 373, 376, 379, 384, 397, 398, 398, 399, 411, 415, 427, 430, 457, 466, 468, 469, 477, 478, 488, 492, 510, 542, 543, 545, 553, 568, 605, 617, 638, 656, 665, 670, 676, 680, 686, 686, 688, 697, 699, 701, 744, 749, 762, 771, 791, 798, 799, 800, 833, 856, 860, 873, 876, 884, 877, 933, 901, 883, 952, 973, 998, 972, 994, 961
2, 21, 25, 35, 39, 81, 87, 98, 125, 126, 130, 131, 135, 157, 164, 167, 177, 188, 203, 203, 210, 223, 226, 248, 249, 267, 276, 279, 283, 308, 317, 324, 326, 336, 356, 358, 373, 376, 379, 384, 397, 398, 398, 399, 411, 415, 427, 430, 457, 466, 468, 469, 477, 478, 488, 492, 510, 542, 543, 545, 553, 568, 605, 617, 638, 656, 665, 670, 676, 680, 686, 686, 688, 697, 699, 701, 744, 749, 762, 771, 791, 798, 799, 800, 833, 856, 860, 873, 876, 884, 877, 933, 901, 883, 952, 973, 998, 972, 994, 961
2, 21, 25, 35, 39, 81, 87, 98, 125, 126, 130, 131, 135, 157, 164, 167, 177, 188, 203, 203, 210, 223, 226, 248, 249, 267, 276, 279, 283, 308, 317, 324, 326, 336, 356, 358, 373, 376, 379, 384, 397, 398, 398, 399, 411, 415, 427, 430, 457, 466, 468, 469, 477, 478, 488, 492, 510, 542, 543, 545, 553, 568, 605, 617, 638, 656, 665, 670, 676, 680, 686, 686, 688, 697, 699, 701, 744, 749, 762, 771, 791, 798, 799, 800, 833, 856, 860, 873, 876, 884, 877, 933, 901, 883, 952, 973, 998, 972, 994, 961
2, 21, 25, 35, 39, 81, 87, 98, 125, 126, 130, 131, 135, 157, 164, 167, 177, 188, 203, 203, 210, 223, 226, 248, 249, 267, 276, 279, 283, 308, 317, 324, 326, 336, 356, 358, 373, 376, 379, 384, 397, 398, 398, 399, 411, 415, 427, 430, 457, 466, 468, 469, 477, 478, 488, 492, 510, 542, 543, 545, 553, 568, 605, 617, 638, 656, 665, 670, 676, 680, 686, 686, 688, 697, 699, 701, 744, 749, 762, 771, 791, 798, 799, 800, 833, 856, 860, 873, 876, 884, 877, 933, 901, 883, 952, 973, 998, 972, 994, 961
2, 21, 25, 35, 39, 81, 87, 98, 125, 126, 130, 131, 135, 157, 164, 167, 177, 188, 203, 203, 210, 223, 226, 248, 249, 267, 276, 279, 283, 308, 317, 324, 326, 336, 356, 358, 373, 376, 379, 384, 397, 398, 398, 399, 411, 415, 427, 430, 457, 466, 468, 469, 477, 478, 488, 492, 510, 542, 543, 545, 553, 568, 605, 617, 638, 656, 665, 670, 676, 680, 686, 686, 688, 697, 699, 701, 744, 749, 762, 771, 791, 798, 799, 800, 833, 856, 860, 873, 876, 884, 877, 933, 901, 883, 952, 973, 998, 972, 994, 961
2, 21, 25, 35, 39, 81, 87, 98, 125, 126, 130, 131, 135, 157, 164, 167, 177, 188, 203, 203, 210, 223, 226, 248, 249, 267, 276, 279, 283, 308, 317, 324, 326, 336, 356, 358, 373, 376, 379, 384, 397, 398, 398, 399, 411, 415, 427, 430, 457, 466, 468, 469, 477, 478, 488, 492, 510, 542, 543, 545, 553, 568, 605, 617, 638, 656, 665, 670, 676, 680, 686, 686, 688, 697, 699, 701, 744, 749, 762, 771, 791, 798, 799, 800, 833, 856, 860, 873, 876, 877, 883, 933, 901, 884, 952, 973, 998, 972, 994, 961
2, 21, 25, 35, 39, 81, 87, 98, 125, 126, 130, 131, 135, 157, 164, 167, 177, 188, 203, 203, 210, 223, 226, 248, 249, 267, 276, 279, 283, 308, 317, 324, 326, 336, 356, 358, 373, 376, 379, 384, 397, 398, 398, 399, 411, 415, 427, 430, 457, 466, 468, 469, 477, 478, 488, 492, 510, 542, 543, 545, 553, 568, 605, 617, 638, 656, 665, 670, 676, 680, 686, 686, 688, 697, 699, 701, 744, 749, 762, 771, 791, 798, 799, 800, 833, 856, 860, 873, 876, 877, 883, 933, 901, 884, 952, 973, 998, 972, 994, 961
2, 21, 25, 35, 39, 81, 87, 98, 125, 126, 130, 131, 135, 157, 164, 167, 177, 188, 203, 203, 210, 223, 226, 248, 249, 267, 276, 279, 283, 308, 317, 324, 326, 336, 356, 358, 373, 376, 379, 384, 397, 398, 398, 399, 411, 415, 427, 430, 457, 466, 468, 469, 477, 478, 488, 492, 510, 542, 543, 545, 553, 568, 605, 617, 638, 656, 665, 670, 676, 680, 686, 686, 688, 697, 699, 701, 744, 749, 762, 771, 791, 798, 799, 800, 833, 856, 860, 873, 876, 877, 883, 884, 901, 933, 952, 973, 998, 972, 994, 961
2, 21, 25, 35, 39, 81, 87, 98, 125, 126, 130, 131, 135, 157, 164, 167, 177, 188, 203, 203, 210, 223, 226, 248, 249, 267, 276, 279, 283, 308, 317, 324, 326, 336, 356, 358, 373, 376, 379, 384, 397, 398, 398, 399, 411, 415, 427, 430, 457, 466, 468, 469, 477, 478, 488, 492, 510, 542, 543, 545, 553, 568, 605, 617, 638, 656, 665, 670, 676, 680, 686, 686, 688, 697, 699, 701, 744, 749, 762, 771, 791, 798, 799, 800, 833, 856, 860, 873, 876, 877, 883, 884, 901, 933, 952, 973, 998, 972, 994, 961
2, 21, 25, 35, 39, 81, 87, 98, 125, 126, 130, 131, 135, 157, 164, 167, 177, 188, 203, 203, 210, 223, 226, 248, 249, 267, 276, 279, 283, 308, 317, 324, 326, 336, 356, 358, 373, 376, 379, 384, 397, 398, 398, 399, 411, 415, 427, 430, 457, 466, 468, 469, 477, 478, 488, 492, 510, 542, 543, 545, 553, 568, 605, 617, 638, 656, 665, 670, 676, 680, 686, 686, 688, 697, 699, 701, 744, 749, 762, 771, 791, 798, 799, 800, 833, 856, 860, 873, 876, 877, 883, 884, 901, 933, 952, 973, 998, 972, 994, 961
2, 21, 25, 35, 39, 81, 87, 98, 125, 126, 130, 131, 135, 157, 164, 167, 177, 188, 203, 203, 210, 223, 226, 248, 249, 267, 276, 279, 283, 308, 317, 324, 326, 336, 356, 358, 373, 376, 379, 384, 397, 398, 398, 399, 411, 415, 427, 430, 457, 466, 468, 469, 477, 478, 488, 492, 510, 542, 543, 545, 553, 568, 605, 617, 638, 656, 665, 670, 676, 680, 686, 686, 688, 697, 699, 701, 744, 749, 762, 771, 791, 798, 799, 800, 833, 856, 860, 873, 876, 877, 883, 884, 901, 933, 952, 973, 998, 972, 994, 961
2, 21, 25, 35, 39, 81, 87, 98, 125, 126, 130, 131, 135, 157, 164, 167, 177, 188, 203, 203, 210, 223, 226, 248, 249, 267, 276, 279, 283, 308, 317, 324, 326, 336, 356, 358, 373, 376, 379, 384, 397, 398, 398, 399, 411, 415, 427, 430, 457, 466, 468, 469, 477, 478, 488, 492, 510, 542, 543, 545, 553, 568, 605, 617, 638, 656, 665, 670, 676, 680, 686, 686, 688, 697, 699, 701, 744, 749, 762, 771, 791, 798, 799, 800, 833, 856, 860, 873, 876, 877, 883, 884, 901, 933, 952, 973, 998, 972, 994, 961
2, 21, 25, 35, 39, 81, 87, 98, 125, 126, 130, 131, 135, 157, 164, 167, 177, 188, 203, 203, 210, 223, 226, 248, 249, 267, 276, 279, 283, 308, 317, 324, 326, 336, 356, 358, 373, 376, 379, 384, 397, 398, 398, 399, 411, 415, 427, 430, 457, 466, 468, 469, 477, 478, 488, 492, 510, 542, 543, 545, 553, 568, 605, 617, 638, 656, 665, 670, 676, 680, 686, 686, 688, 697, 699, 701, 744, 749, 762, 771, 791, 798, 799, 800, 833, 856, 860, 873, 876, 877, 883, 884, 901, 933, 952, 961, 998, 972, 994, 973
2, 21, 25, 35, 39, 81, 87, 98, 125, 126, 130, 131, 135, 157, 164, 167, 177, 188, 203, 203, 210, 223, 226, 248, 249, 267, 276, 279, 283, 308, 317, 324, 326, 336, 356, 358, 373, 376, 379, 384, 397, 398, 398, 399, 411, 415, 427, 430, 457, 466, 468, 469, 477, 478, 488, 492, 510, 542, 543, 545, 553, 568, 605, 617, 638, 656, 665, 670, 676, 680, 686, 686, 688, 697, 699, 701, 744, 749, 762, 771, 791, 798, 799, 800, 833, 856, 860, 873, 876, 877, 883, 884, 901, 933, 952, 961, 998, 972, 994, 973
2, 21, 25, 35, 39, 81, 87, 98, 125, 126, 130, 131, 135, 157, 164, 167, 177, 188, 203, 203, 210, 223, 226, 248, 249, 267, 276, 279, 283, 308, 317, 324, 326, 336, 356, 358, 373, 376, 379, 384, 397, 398, 398, 399, 411, 415, 427, 430, 457, 466, 468, 469, 477, 478, 488, 492, 510, 542, 543, 545, 553, 568, 605, 617, 638, 656, 665, 670, 676, 680, 686, 686, 688, 697, 699, 701, 744, 749, 762, 771, 791, 798, 799, 800, 833, 856, 860, 873, 876, 877, 883, 884, 901, 933, 952, 961, 972, 973, 994, 998
2, 21, 25, 35, 39, 81, 87, 98, 125, 126, 130, 131, 135, 157, 164, 167, 177, 188, 203, 203, 210, 223, 226, 248, 249, 267, 276, 279, 283, 308, 317, 324, 326, 336, 356, 358, 373, 376, 379, 384, 397, 398, 398, 399, 411, 415, 427, 430, 457, 466, 468, 469, 477, 478, 488, 492, 510, 542, 543, 545, 553, 568, 605, 617, 638, 656, 665, 670, 676, 680, 686, 686, 688, 697, 699, 701, 744, 749, 762, 771, 791, 798, 799, 800, 833, 856, 860, 873, 876, 877, 883, 884, 901, 933, 952, 961, 972, 973, 994, 998
2, 21, 25, 35, 39, 81, 87, 98, 125, 126, 130, 131, 135, 157, 164, 167, 177, 188, 203, 203, 210, 223, 226, 248, 249, 267, 276, 279, 283, 308, 317, 324, 326, 336, 356, 358, 373, 376, 379, 384, 397, 398, 398, 399, 411, 415, 427, 430, 457, 466, 468, 469, 477, 478, 488, 492, 510, 542, 543, 545, 553, 568, 605, 617, 638, 656, 665, 670, 676, 680, 686, 686, 688, 697, 699, 701, 744, 749, 762, 771, 791, 798, 799, 800, 833, 856, 860, 873, 876, 877, 883, 884, 901, 933, 952, 961, 972, 973, 994, 998
2, 21, 25, 35, 39, 81, 87, 98, 125, 126, 130, 131, 135, 157, 164, 167, 177, 188, 203, 203, 210, 223, 226, 248, 249, 267, 276, 279, 283, 308, 317, 324, 326, 336, 356, 358, 373, 376, 379, 384, 397, 398, 398, 399, 411, 415, 427, 430, 457, 466, 468, 469, 477, 478, 488, 492, 510, 542, 543, 545, 553, 568, 605, 617, 638, 656, 665, 670, 676, 680, 686, 686, 688, 697, 699, 701, 744, 749, 762, 771, 791, 798, 799, 800, 833, 856, 860, 873, 876, 877, 883, 884, 901, 933, 952, 961, 972, 973, 994, 998
